0 0.631348 0.194987 0.024414 0.013672
0 0.463379 0.229818 0.026367 0.013021
0 0.407715 0.245768 0.032227 0.017578
0 0.543945 0.377279 0.031250 0.020182
0 0.659180 0.404622 0.035156 0.014974
0 0.703125 0.420898 0.027344 0.017578
0 0.651367 0.436849 0.033203 0.011719
0 0.707031 0.469076 0.015625 0.012370
0 0.677734 0.476562 0.015625 0.020833
0 0.648926 0.497070 0.014648 0.022786
0 0.644531 0.464193 0.015625 0.016927
0 0.604004 0.473633 0.020508 0.014974
0 0.610840 0.495443 0.014648 0.013021
0 0.602539 0.546875 0.015625 0.018229
0 0.566895 0.538411 0.020508 0.019531
0 0.562988 0.460286 0.016602 0.016927
0 0.520508 0.456380 0.013672 0.013021
0 0.549805 0.586914 0.037109 0.030599
0 0.401367 0.560547 0.017578 0.014323
0 0.401367 0.586914 0.027344 0.021484
0 0.363281 0.555013 0.025391 0.031901
0 0.369629 0.582682 0.012695 0.011719
0 0.347656 0.460612 0.021484 0.017578
0 0.346191 0.489909 0.024414 0.022786
0 0.317383 0.491536 0.015625 0.019531
0 0.288086 0.439453 0.023438 0.014323
0 0.363770 0.399740 0.055664 0.026042
0 0.272461 0.392904 0.023438 0.018880
0 0.297363 0.418294 0.022461 0.013672
0 0.488281 0.585612 0.023438 0.018880
0 0.603516 0.436523 0.033203 0.021484
0 0.620117 0.224284 0.033203 0.012370
0 0.624023 0.240885 0.025391 0.011719
0 0.556152 0.228516 0.022461 0.015625
