0 0.224609 0.270833 0.035156 0.019531
0 0.238281 0.222656 0.023438 0.023438
0 0.282715 0.230143 0.026367 0.013672
0 0.291992 0.261068 0.029297 0.029948
0 0.467773 0.243490 0.039062 0.026042
0 0.514160 0.233724 0.028320 0.028646
0 0.596191 0.224609 0.028320 0.015625
0 0.577148 0.244792 0.029297 0.013021
0 0.614746 0.202148 0.032227 0.018880
0 0.647461 0.262044 0.062500 0.034505
0 0.715820 0.287109 0.017578 0.019531
0 0.716309 0.424479 0.053711 0.037760
0 0.702148 0.483398 0.048828 0.024089
0 0.676270 0.511719 0.028320 0.016927
0 0.667480 0.543945 0.026367 0.025391
0 0.636230 0.534831 0.024414 0.020182
0 0.632812 0.559896 0.021484 0.016927
0 0.586426 0.503906 0.026367 0.019531
0 0.604492 0.557617 0.017578 0.018880
0 0.651367 0.593099 0.033203 0.026042
0 0.581543 0.618815 0.032227 0.033203
0 0.536133 0.602865 0.052734 0.039062
0 0.493164 0.638672 0.058594 0.018229
0 0.419922 0.644206 0.052734 0.042318
0 0.367676 0.636393 0.030273 0.016276
0 0.343262 0.626953 0.016602 0.018229
0 0.230469 0.559245 0.029297 0.015625
0 0.252930 0.504557 0.021484 0.022135
0 0.285645 0.476237 0.043945 0.017578
0 0.232422 0.476237 0.027344 0.029297
0 0.204590 0.461263 0.012695 0.025391
0 0.231934 0.433594 0.014648 0.016927
0 0.287109 0.432617 0.027344 0.017578
0 0.339844 0.405599 0.029297 0.013021
0 0.430664 0.213867 0.021484 0.016276
