0 0.402832 0.224284 0.026367 0.025391
0 0.360840 0.230143 0.026367 0.020182
0 0.322266 0.208984 0.046875 0.014323
0 0.308594 0.239583 0.011719 0.014323
0 0.294922 0.263997 0.019531 0.017578
0 0.467285 0.212565 0.018555 0.009766
0 0.599609 0.225260 0.113281 0.015625
0 0.686035 0.248698 0.032227 0.020833
0 0.737305 0.287109 0.023438 0.018229
0 0.694824 0.389974 0.026367 0.020833
0 0.707031 0.414714 0.023438 0.018229
0 0.735352 0.429036 0.027344 0.013021
0 0.663574 0.440755 0.018555 0.014323
0 0.634277 0.434245 0.028320 0.016927
0 0.679199 0.478841 0.026367 0.020182
0 0.704590 0.483398 0.024414 0.014974
0 0.634277 0.477539 0.034180 0.009766
0 0.675293 0.511393 0.018555 0.026693
0 0.651367 0.501953 0.011719 0.013021
0 0.578125 0.537109 0.041016 0.026042
0 0.562012 0.579427 0.020508 0.010417
0 0.416992 0.546875 0.060547 0.040365
0 0.323242 0.506510 0.025391 0.024740
0 0.318848 0.531901 0.016602 0.011719
0 0.368164 0.560221 0.037109 0.024089
0 0.346191 0.450195 0.020508 0.014974
0 0.311523 0.454102 0.015625 0.012370
0 0.325684 0.422526 0.028320 0.015625
0 0.308594 0.388346 0.019531 0.013672
0 0.386230 0.390951 0.026367 0.013672
0 0.382324 0.414714 0.020508 0.019531
0 0.507324 0.366211 0.020508 0.014974
