0 0.332520 0.203776 0.036133 0.022135
0 0.442383 0.187826 0.025391 0.024089
0 0.663574 0.241862 0.016602 0.007161
0 0.699219 0.390299 0.019531 0.020182
0 0.651855 0.402995 0.034180 0.022135
0 0.668457 0.433594 0.034180 0.024740
0 0.616211 0.436198 0.039062 0.027344
0 0.685547 0.476562 0.031250 0.023438
0 0.563477 0.577474 0.066406 0.035156
0 0.512207 0.603190 0.032227 0.014974
0 0.469238 0.598307 0.020508 0.016927
0 0.395020 0.589193 0.034180 0.018229
0 0.282715 0.471680 0.028320 0.013672
0 0.253906 0.441081 0.025391 0.014974
0 0.225098 0.446289 0.026367 0.016276
0 0.232422 0.407552 0.029297 0.026042
0 0.421875 0.350911 0.025391 0.014323
0 0.482910 0.197591 0.041992 0.018880
0 0.466309 0.237305 0.036133 0.021484
