0 0.373535 0.220378 0.026367 0.018880
0 0.480957 0.229492 0.030273 0.009766
0 0.539551 0.244466 0.049805 0.017578
0 0.620605 0.296875 0.030273 0.014323
0 0.584961 0.393555 0.027344 0.021484
0 0.614746 0.429688 0.034180 0.029948
0 0.526367 0.406250 0.029297 0.020833
0 0.530273 0.444010 0.027344 0.022135
0 0.481934 0.452799 0.032227 0.021484
0 0.585449 0.462240 0.016602 0.011719
0 0.626953 0.467122 0.052734 0.022786
0 0.598145 0.500326 0.049805 0.025391
0 0.591797 0.529622 0.017578 0.016276
0 0.551270 0.550456 0.032227 0.026693
0 0.513672 0.524414 0.029297 0.017578
0 0.514648 0.498698 0.029297 0.022135
0 0.448242 0.547526 0.029297 0.018229
0 0.338867 0.587565 0.029297 0.017578
0 0.262695 0.548177 0.027344 0.022135
0 0.229492 0.399740 0.033203 0.015625
0 0.246094 0.444010 0.021484 0.020833
0 0.332520 0.370768 0.073242 0.035807
0 0.429688 0.575195 0.031250 0.016276
