0 0.412598 0.199219 0.028320 0.017578
0 0.453613 0.219238 0.032227 0.028320
0 0.456055 0.245605 0.031250 0.016602
0 0.523926 0.209961 0.026367 0.017578
0 0.499023 0.237305 0.019531 0.017578
0 0.501953 0.160645 0.019531 0.018555
0 0.475586 0.162109 0.023438 0.019531
0 0.601562 0.179688 0.023438 0.017578
0 0.581055 0.231934 0.019531 0.026367
0 0.572754 0.256348 0.024414 0.016602
0 0.529297 0.278809 0.017578 0.022461
0 0.667969 0.187012 0.017578 0.020508
0 0.657227 0.246094 0.031250 0.021484
0 0.615234 0.244141 0.025391 0.035156
0 0.637207 0.481445 0.028320 0.029297
0 0.701660 0.464844 0.016602 0.019531
0 0.732910 0.481445 0.016602 0.023438
0 0.711426 0.524414 0.014648 0.031250
0 0.659180 0.531250 0.023438 0.027344
0 0.680664 0.562500 0.015625 0.017578
0 0.708984 0.595703 0.025391 0.019531
0 0.681641 0.601074 0.019531 0.014648
0 0.686035 0.618652 0.022461 0.016602
0 0.591797 0.714844 0.015625 0.019531
0 0.551758 0.691406 0.013672 0.017578
0 0.522949 0.702637 0.024414 0.028320
0 0.476562 0.708496 0.039062 0.047852
0 0.627441 0.654785 0.026367 0.020508
0 0.389648 0.534180 0.021484 0.025391
0 0.420898 0.449707 0.041016 0.040039
0 0.339355 0.430176 0.024414 0.014648
0 0.333008 0.470215 0.021484 0.030273
0 0.368164 0.493652 0.039062 0.041992
0 0.333008 0.520996 0.023438 0.028320
0 0.362305 0.603027 0.019531 0.016602
0 0.364258 0.638672 0.017578 0.019531
0 0.326660 0.575195 0.022461 0.035156
