0 0.310547 0.258464 0.021484 0.019531
0 0.381348 0.253906 0.026367 0.015625
0 0.418457 0.252604 0.016602 0.011719
0 0.434082 0.236979 0.028320 0.014323
0 0.542480 0.236328 0.024414 0.016927
0 0.544922 0.265299 0.023438 0.014974
0 0.610352 0.240885 0.035156 0.018229
0 0.656738 0.237305 0.022461 0.013672
0 0.740234 0.392253 0.025391 0.014974
0 0.688477 0.411784 0.039062 0.020182
0 0.707520 0.435872 0.028320 0.017578
0 0.655273 0.442708 0.035156 0.020833
0 0.646484 0.472005 0.025391 0.016927
0 0.694824 0.469076 0.022461 0.014974
0 0.670410 0.490234 0.018555 0.013021
0 0.691406 0.501302 0.019531 0.011719
0 0.717773 0.495768 0.017578 0.014974
0 0.664062 0.537435 0.019531 0.017578
0 0.608398 0.572266 0.021484 0.013021
0 0.600586 0.592773 0.019531 0.011068
0 0.558105 0.596354 0.028320 0.013021
0 0.466797 0.586914 0.019531 0.017578
0 0.406250 0.567057 0.021484 0.028646
0 0.369141 0.571289 0.029297 0.017578
0 0.340820 0.535807 0.027344 0.016927
0 0.318848 0.523763 0.018555 0.011068
0 0.363770 0.467122 0.028320 0.016276
0 0.332031 0.445964 0.031250 0.020833
0 0.312012 0.483073 0.014648 0.013021
0 0.284180 0.491211 0.027344 0.030599
0 0.372559 0.405599 0.041992 0.022135
0 0.316406 0.404297 0.041016 0.015625
0 0.280762 0.398438 0.016602 0.018229
0 0.258301 0.415690 0.018555 0.029297
0 0.526855 0.365560 0.026367 0.021484
0 0.465332 0.379883 0.026367 0.030599
0 0.486816 0.307617 0.034180 0.020182
