0 0.353027 0.203125 0.036133 0.021484
0 0.383789 0.180176 0.025391 0.018555
0 0.411133 0.177246 0.017578 0.018555
0 0.438965 0.217285 0.034180 0.036133
0 0.541992 0.194824 0.027344 0.028320
0 0.595215 0.162109 0.030273 0.015625
0 0.590332 0.230957 0.026367 0.020508
0 0.670898 0.168457 0.015625 0.016602
0 0.663086 0.432129 0.029297 0.034180
0 0.680664 0.491699 0.019531 0.026367
0 0.639648 0.514648 0.019531 0.023438
0 0.697266 0.534180 0.011719 0.015625
0 0.678711 0.568359 0.021484 0.025391
0 0.674316 0.536133 0.024414 0.025391
0 0.694824 0.442871 0.024414 0.030273
0 0.622559 0.478516 0.036133 0.041016
0 0.555664 0.366211 0.017578 0.025391
0 0.423340 0.430176 0.022461 0.028320
0 0.372070 0.433594 0.033203 0.025391
0 0.375488 0.482910 0.045898 0.047852
0 0.316406 0.416016 0.023438 0.029297
0 0.318848 0.473633 0.036133 0.039062
0 0.324707 0.560059 0.020508 0.020508
0 0.385254 0.539551 0.016602 0.022461
0 0.437500 0.674805 0.019531 0.019531
0 0.630859 0.656738 0.013672 0.024414
0 0.595215 0.650391 0.024414 0.017578
0 0.462891 0.376465 0.031250 0.016602
