0 0.358887 0.191081 0.024414 0.016276
0 0.319824 0.255859 0.024414 0.027344
0 0.423828 0.251953 0.041016 0.022135
0 0.539062 0.223958 0.023438 0.023438
0 0.686523 0.213867 0.027344 0.020182
0 0.653320 0.236328 0.025391 0.011719
0 0.611816 0.205729 0.026367 0.014323
0 0.679199 0.260091 0.038086 0.017578
0 0.667480 0.405273 0.051758 0.024089
0 0.708496 0.431315 0.028320 0.026693
0 0.657715 0.441406 0.030273 0.024740
0 0.705078 0.477865 0.021484 0.032552
0 0.658691 0.488607 0.028320 0.020182
0 0.630371 0.467773 0.026367 0.016276
0 0.656250 0.524089 0.017578 0.020833
0 0.541504 0.373698 0.036133 0.033854
0 0.389648 0.399740 0.054688 0.018229
0 0.389648 0.426432 0.029297 0.018229
0 0.355957 0.458984 0.069336 0.032552
0 0.307617 0.415690 0.021484 0.021484
0 0.316406 0.517578 0.021484 0.016927
0 0.303711 0.493490 0.027344 0.023438
0 0.363281 0.561198 0.021484 0.015625
0 0.407227 0.567057 0.021484 0.018229
0 0.589355 0.566081 0.045898 0.035807
0 0.477051 0.371419 0.041992 0.025391
