0 0.281250 0.241536 0.019531 0.022135
0 0.316406 0.231445 0.017578 0.013672
0 0.346680 0.210286 0.017578 0.014323
0 0.312988 0.196940 0.020508 0.012370
0 0.361328 0.191406 0.017578 0.011719
0 0.403320 0.174805 0.027344 0.013672
0 0.451172 0.186849 0.037109 0.016927
0 0.403320 0.210938 0.023438 0.018229
0 0.367676 0.224284 0.024414 0.013672
0 0.382812 0.245443 0.019531 0.015625
0 0.436035 0.246419 0.047852 0.025391
0 0.518555 0.202799 0.031250 0.014974
0 0.571289 0.190755 0.027344 0.020833
0 0.553711 0.227865 0.037109 0.015625
0 0.599121 0.227214 0.026367 0.019531
0 0.629883 0.196615 0.021484 0.015625
0 0.666992 0.202474 0.019531 0.016927
0 0.640625 0.240885 0.021484 0.018229
0 0.677734 0.238932 0.023438 0.015625
0 0.725586 0.248698 0.025391 0.011719
0 0.737793 0.267253 0.018555 0.012370
0 0.755859 0.290365 0.017578 0.016927
0 0.504883 0.290690 0.019531 0.011068
0 0.475586 0.316406 0.023438 0.013021
0 0.513672 0.367188 0.017578 0.014323
0 0.492188 0.374674 0.013672 0.016276
0 0.554199 0.389648 0.018555 0.009766
0 0.598145 0.405273 0.020508 0.013672
0 0.759277 0.333984 0.014648 0.013021
0 0.727539 0.394857 0.023438 0.020182
0 0.688965 0.404297 0.026367 0.013021
0 0.669922 0.443359 0.021484 0.020833
0 0.639160 0.451172 0.022461 0.015625
0 0.611328 0.440430 0.031250 0.022786
0 0.734863 0.428385 0.018555 0.015625
0 0.717773 0.445638 0.019531 0.014974
0 0.701172 0.464518 0.019531 0.018880
0 0.746094 0.458659 0.023438 0.018880
0 0.724609 0.474935 0.011719 0.014974
0 0.649902 0.486979 0.014648 0.013021
0 0.650391 0.502604 0.013672 0.011719
0 0.689453 0.501628 0.013672 0.011068
0 0.711914 0.490560 0.013672 0.011068
0 0.721680 0.510091 0.019531 0.013672
0 0.678711 0.515625 0.019531 0.013021
0 0.664551 0.534505 0.024414 0.013021
0 0.703613 0.541667 0.014648 0.011719
0 0.663086 0.570964 0.015625 0.015625
0 0.684082 0.576172 0.016602 0.019531
0 0.631836 0.560221 0.017578 0.012370
0 0.604980 0.554362 0.018555 0.018880
0 0.580566 0.572917 0.026367 0.018229
0 0.631348 0.583333 0.030273 0.014323
0 0.566406 0.614909 0.015625 0.016276
0 0.574219 0.596680 0.017578 0.012370
0 0.549805 0.595052 0.023438 0.011719
0 0.492188 0.573242 0.099609 0.024089
0 0.494141 0.609375 0.017578 0.016927
0 0.523926 0.628255 0.020508 0.015625
0 0.463379 0.610677 0.030273 0.023438
0 0.425293 0.620443 0.022461 0.020833
0 0.390137 0.612630 0.024414 0.018229
0 0.415039 0.578125 0.021484 0.019531
0 0.388672 0.590495 0.019531 0.018229
0 0.381836 0.564779 0.027344 0.014974
0 0.340820 0.552734 0.023438 0.015625
0 0.335938 0.570964 0.027344 0.013021
0 0.359375 0.595703 0.017578 0.014323
0 0.311523 0.527018 0.021484 0.017578
0 0.279297 0.527344 0.015625 0.016927
0 0.287598 0.508138 0.016602 0.012370
0 0.301270 0.497721 0.014648 0.011068
0 0.312988 0.479492 0.016602 0.013672
0 0.347168 0.463216 0.020508 0.011068
0 0.410645 0.479167 0.047852 0.023438
0 0.354492 0.434896 0.042969 0.022135
0 0.383789 0.397135 0.027344 0.013021
0 0.470215 0.391927 0.016602 0.014323
0 0.314453 0.400716 0.027344 0.011068
0 0.273926 0.394531 0.018555 0.015625
0 0.283203 0.421224 0.031250 0.018229
0 0.304688 0.447917 0.021484 0.020833
0 0.270996 0.444661 0.018555 0.019531
0 0.265625 0.476888 0.013672 0.014974
0 0.253906 0.499349 0.019531 0.014323
0 0.243652 0.404297 0.022461 0.022135
0 0.226562 0.415365 0.011719 0.011719
