0 0.667480 0.201823 0.020508 0.013021
0 0.633789 0.210938 0.021484 0.013021
0 0.604004 0.236979 0.024414 0.019531
0 0.544922 0.247721 0.025391 0.018880
0 0.625488 0.171549 0.028320 0.016276
0 0.410156 0.247396 0.035156 0.022135
0 0.394043 0.210612 0.024414 0.014974
0 0.355469 0.224609 0.029297 0.015625
0 0.331543 0.200195 0.020508 0.024089
0 0.314941 0.249023 0.020508 0.017578
0 0.290039 0.263672 0.013672 0.016927
0 0.647949 0.424154 0.030273 0.013672
0 0.706055 0.436523 0.023438 0.012370
0 0.701172 0.413086 0.021484 0.012370
0 0.635254 0.386068 0.022461 0.015625
0 0.589355 0.403646 0.032227 0.019531
0 0.628906 0.442708 0.029297 0.013021
0 0.652344 0.463867 0.023438 0.013672
0 0.677734 0.478841 0.025391 0.017578
0 0.705566 0.469401 0.016602 0.014323
0 0.649902 0.502604 0.018555 0.013021
0 0.636719 0.530924 0.015625 0.013672
0 0.602539 0.564128 0.015625 0.013672
0 0.579590 0.578125 0.010742 0.011719
0 0.561523 0.579753 0.013672 0.014974
0 0.419434 0.574219 0.012695 0.013021
0 0.399902 0.589844 0.024414 0.015625
0 0.362305 0.520833 0.021484 0.015625
0 0.312500 0.487630 0.019531 0.016927
0 0.339844 0.459310 0.023438 0.021484
0 0.359375 0.428711 0.023438 0.017578
0 0.375488 0.403971 0.024414 0.024089
0 0.315430 0.401367 0.025391 0.014974
0 0.307129 0.430664 0.020508 0.013672
0 0.278320 0.390299 0.017578 0.024089
0 0.261719 0.416667 0.019531 0.027344
