0 0.409668 0.273112 0.032227 0.020182
0 0.415527 0.237630 0.036133 0.022135
0 0.466797 0.254557 0.027344 0.018229
0 0.503418 0.218424 0.036133 0.024089
0 0.538086 0.244792 0.037109 0.016927
0 0.596191 0.265299 0.030273 0.016276
0 0.644531 0.280599 0.029297 0.014323
0 0.582031 0.209961 0.037109 0.018880
0 0.699219 0.290039 0.015625 0.014974
0 0.500488 0.310221 0.036133 0.012370
0 0.641113 0.464518 0.032227 0.021484
0 0.716309 0.467122 0.024414 0.017578
0 0.682617 0.480794 0.017578 0.012370
0 0.653809 0.504883 0.024414 0.012370
0 0.628418 0.492839 0.024414 0.013021
0 0.552734 0.500977 0.029297 0.014974
0 0.597656 0.570964 0.029297 0.015625
0 0.585449 0.595703 0.018555 0.013021
0 0.522461 0.614583 0.025391 0.016927
0 0.391602 0.566406 0.031250 0.014323
0 0.343750 0.499023 0.046875 0.025391
0 0.383301 0.422201 0.028320 0.014974
0 0.380371 0.462240 0.043945 0.019531
0 0.478027 0.385091 0.036133 0.025391
0 0.332520 0.432943 0.022461 0.026042
0 0.646973 0.539388 0.034180 0.020182
