0 0.354492 0.262044 0.023438 0.017578
0 0.407227 0.249023 0.039062 0.031901
0 0.429199 0.204753 0.028320 0.035807
0 0.530762 0.206706 0.034180 0.020182
0 0.532715 0.244141 0.030273 0.022135
0 0.590820 0.229492 0.046875 0.029297
0 0.626465 0.201497 0.053711 0.020182
0 0.713867 0.439779 0.021484 0.025391
0 0.743164 0.386719 0.015625 0.024740
0 0.651367 0.437500 0.035156 0.020833
0 0.645996 0.468099 0.024414 0.022135
0 0.706055 0.483398 0.023438 0.017578
0 0.649902 0.519857 0.028320 0.016276
0 0.632812 0.556641 0.023438 0.019531
0 0.591797 0.560872 0.029297 0.017578
0 0.591797 0.498372 0.023438 0.014974
0 0.550293 0.478841 0.034180 0.016276
0 0.487793 0.395182 0.018555 0.022135
0 0.512207 0.357422 0.034180 0.024740
0 0.550293 0.568685 0.018555 0.018880
0 0.577637 0.591471 0.018555 0.017578
0 0.539062 0.597005 0.048828 0.028646
0 0.456543 0.569661 0.032227 0.019531
0 0.440918 0.601562 0.026367 0.018229
0 0.385254 0.592773 0.038086 0.020182
0 0.358887 0.555664 0.067383 0.037109
0 0.361328 0.461914 0.041016 0.021484
0 0.330078 0.482747 0.027344 0.017578
0 0.324219 0.509766 0.021484 0.022135
0 0.289062 0.526693 0.033203 0.024740
0 0.272949 0.488607 0.020508 0.024089
0 0.297363 0.452799 0.018555 0.021484
0 0.338867 0.437500 0.025391 0.019531
0 0.274902 0.418620 0.041992 0.020833
0 0.658691 0.234049 0.030273 0.018880
0 0.691406 0.257161 0.039062 0.018229
0 0.578613 0.169271 0.028320 0.018229
