0 0.308594 0.186849 0.029297 0.024740
0 0.364746 0.192708 0.049805 0.023438
0 0.328613 0.227865 0.016602 0.014323
0 0.471680 0.214844 0.021484 0.023438
0 0.529785 0.214193 0.036133 0.020833
0 0.579590 0.189128 0.055664 0.018880
0 0.653809 0.212240 0.032227 0.023438
0 0.687988 0.258138 0.026367 0.016276
0 0.693359 0.333659 0.027344 0.017578
0 0.690918 0.361003 0.014648 0.021484
0 0.652832 0.371419 0.032227 0.020182
0 0.675781 0.397135 0.027344 0.018229
0 0.637695 0.415690 0.060547 0.035807
0 0.598633 0.380859 0.044922 0.018229
0 0.509766 0.350911 0.021484 0.019531
0 0.465332 0.337891 0.022461 0.014323
0 0.593262 0.465169 0.022461 0.017578
0 0.643066 0.485677 0.018555 0.018229
0 0.595703 0.503906 0.025391 0.022135
0 0.563477 0.539062 0.023438 0.020833
0 0.530762 0.546875 0.010742 0.013021
0 0.509277 0.543620 0.014648 0.011719
0 0.516602 0.575195 0.019531 0.029297
0 0.489258 0.555990 0.013672 0.015625
0 0.478027 0.574219 0.018555 0.014323
0 0.433594 0.566406 0.019531 0.028646
0 0.353516 0.556641 0.021484 0.026042
0 0.325195 0.537109 0.044922 0.023438
0 0.310547 0.456380 0.013672 0.014323
0 0.270996 0.442057 0.024414 0.016927
0 0.304688 0.419271 0.023438 0.019531
0 0.313477 0.386068 0.023438 0.015625
0 0.268555 0.410807 0.023438 0.019531
0 0.236328 0.380534 0.019531 0.018880
0 0.261719 0.196940 0.027344 0.016276
