0 0.291992 0.211914 0.025391 0.022786
0 0.307129 0.246745 0.032227 0.019531
0 0.338867 0.222331 0.033203 0.016276
0 0.383301 0.216146 0.026367 0.018229
0 0.353516 0.246419 0.031250 0.018880
0 0.446289 0.232096 0.046875 0.027995
0 0.410156 0.257487 0.023438 0.021484
0 0.500977 0.212240 0.029297 0.014323
0 0.569336 0.218424 0.029297 0.014974
0 0.573730 0.251628 0.043945 0.022786
0 0.492676 0.284180 0.041992 0.016276
0 0.648438 0.181641 0.033203 0.023438
0 0.664551 0.211589 0.030273 0.016927
0 0.648926 0.250326 0.028320 0.024089
0 0.612793 0.444661 0.040039 0.023438
0 0.657715 0.427734 0.030273 0.022135
0 0.712891 0.412760 0.037109 0.020833
0 0.747070 0.425130 0.029297 0.022135
0 0.675293 0.454753 0.030273 0.020182
0 0.696289 0.484701 0.023438 0.022786
0 0.644043 0.485677 0.028320 0.016927
0 0.670898 0.517578 0.025391 0.018229
0 0.673340 0.544596 0.020508 0.018880
0 0.663574 0.580404 0.024414 0.020182
0 0.626465 0.589193 0.022461 0.020833
0 0.583496 0.585286 0.022461 0.020833
0 0.550293 0.630208 0.030273 0.028646
0 0.488281 0.586263 0.033203 0.016276
0 0.501953 0.636719 0.035156 0.023438
0 0.455078 0.623047 0.027344 0.026042
0 0.408691 0.628906 0.038086 0.023438
0 0.383789 0.584635 0.033203 0.040365
0 0.366699 0.432292 0.032227 0.018229
0 0.336426 0.418620 0.018555 0.013021
0 0.278320 0.413086 0.021484 0.024089
0 0.255371 0.422526 0.016602 0.028646
0 0.302734 0.450195 0.033203 0.025391
0 0.347168 0.476562 0.032227 0.019531
0 0.293945 0.496094 0.023438 0.016927
0 0.262695 0.472656 0.025391 0.020833
0 0.258789 0.500326 0.023438 0.014974
0 0.282227 0.534180 0.023438 0.018880
0 0.312012 0.536784 0.016602 0.020182
0 0.756836 0.345378 0.019531 0.013672
