0 0.415039 0.272461 0.015625 0.017578
0 0.569824 0.264974 0.040039 0.024740
0 0.672363 0.252279 0.026367 0.017578
0 0.581055 0.463216 0.015625 0.014974
0 0.676270 0.504883 0.026367 0.018880
0 0.722656 0.531901 0.027344 0.016927
0 0.648438 0.544922 0.029297 0.016927
0 0.667969 0.574219 0.035156 0.016927
0 0.683105 0.602214 0.036133 0.018229
0 0.642578 0.647135 0.031250 0.018229
0 0.586914 0.648438 0.031250 0.026042
0 0.428711 0.673503 0.025391 0.018880
0 0.354004 0.643880 0.026367 0.016927
0 0.322754 0.656250 0.018555 0.015625
0 0.307617 0.539388 0.025391 0.020182
0 0.250977 0.520508 0.029297 0.022786
0 0.420410 0.421875 0.026367 0.019531
0 0.327637 0.486328 0.024414 0.019531
