0 0.324219 0.263672 0.035156 0.031250
0 0.378906 0.212891 0.033203 0.020833
0 0.434082 0.233398 0.026367 0.021484
0 0.401367 0.269206 0.066406 0.029297
0 0.572754 0.200846 0.040039 0.022786
0 0.625977 0.220378 0.035156 0.021484
0 0.637207 0.258138 0.024414 0.025391
0 0.590332 0.264974 0.040039 0.023438
0 0.503418 0.379883 0.034180 0.014974
0 0.555176 0.409831 0.026367 0.018880
0 0.586426 0.456380 0.067383 0.027344
0 0.669434 0.429362 0.028320 0.022786
0 0.643555 0.470378 0.029297 0.020182
0 0.679688 0.477539 0.025391 0.020182
0 0.636719 0.509766 0.021484 0.018229
0 0.654785 0.539062 0.032227 0.024740
0 0.629883 0.576823 0.019531 0.022135
0 0.581543 0.586914 0.063477 0.039714
0 0.518066 0.626302 0.038086 0.029948
0 0.440918 0.614258 0.040039 0.018880
0 0.361328 0.564128 0.025391 0.016276
0 0.338867 0.558919 0.015625 0.018880
0 0.341309 0.537435 0.028320 0.016276
0 0.318848 0.531250 0.024414 0.027344
0 0.348145 0.498698 0.038086 0.029948
0 0.334961 0.469727 0.039062 0.026693
0 0.329590 0.441732 0.043945 0.020182
0 0.394043 0.426758 0.055664 0.037109
0 0.295898 0.419271 0.023438 0.020833
0 0.295898 0.501302 0.039062 0.018229
0 0.473633 0.223958 0.025391 0.033854
0 0.515137 0.195312 0.040039 0.020833
