0 0.333496 0.246419 0.030273 0.018880
0 0.364258 0.226562 0.025391 0.019531
0 0.441895 0.257487 0.030273 0.020182
0 0.510254 0.246745 0.020508 0.022135
0 0.625488 0.188477 0.030273 0.022786
0 0.680664 0.214518 0.037109 0.014974
0 0.656738 0.246419 0.024414 0.022786
0 0.472656 0.373047 0.037109 0.042969
0 0.651367 0.406250 0.029297 0.027344
0 0.666016 0.440104 0.027344 0.029948
0 0.623047 0.461263 0.033203 0.022786
0 0.645996 0.488607 0.036133 0.021484
0 0.662109 0.516927 0.031250 0.028646
0 0.707520 0.422852 0.020508 0.022786
0 0.742188 0.362630 0.023438 0.024740
0 0.371582 0.555339 0.047852 0.026042
0 0.335449 0.469401 0.040039 0.022135
0 0.297363 0.495768 0.036133 0.018880
0 0.378418 0.410807 0.036133 0.036458
0 0.323242 0.407878 0.027344 0.020182
0 0.342285 0.435547 0.018555 0.019531
0 0.301758 0.439128 0.023438 0.018880
