0 0.371094 0.199544 0.029297 0.017578
0 0.351074 0.245443 0.024414 0.016927
0 0.395508 0.246745 0.039062 0.020833
0 0.575684 0.259115 0.024414 0.023438
0 0.514648 0.224935 0.027344 0.018880
0 0.634277 0.245117 0.032227 0.026693
0 0.677246 0.212240 0.026367 0.014323
0 0.634766 0.216797 0.027344 0.013021
0 0.607910 0.206706 0.020508 0.011068
0 0.583008 0.213542 0.011719 0.010417
0 0.660156 0.416341 0.033203 0.030599
0 0.638184 0.453125 0.028320 0.016927
0 0.614258 0.470052 0.025391 0.014323
0 0.671387 0.477539 0.028320 0.020182
0 0.707520 0.443034 0.024414 0.020182
0 0.700684 0.418945 0.022461 0.016276
0 0.638184 0.502930 0.030273 0.016276
0 0.657715 0.525065 0.020508 0.017578
0 0.652832 0.553711 0.018555 0.024089
0 0.359863 0.566081 0.020508 0.016276
0 0.317871 0.535807 0.018555 0.015625
0 0.317383 0.511719 0.019531 0.020833
0 0.286133 0.497070 0.033203 0.020182
0 0.307617 0.454753 0.015625 0.017578
0 0.352051 0.456380 0.026367 0.023438
0 0.383789 0.411133 0.025391 0.021484
0 0.472168 0.381185 0.030273 0.025391
0 0.298828 0.414388 0.025391 0.025391
0 0.264160 0.420247 0.016602 0.021484
0 0.581543 0.437826 0.030273 0.024089
