0 0.306641 0.244792 0.027344 0.023438
0 0.368652 0.244792 0.030273 0.020833
0 0.484375 0.224935 0.023438 0.017578
0 0.493652 0.257161 0.028320 0.019531
0 0.659668 0.239258 0.032227 0.017578
0 0.454102 0.378906 0.062500 0.019531
0 0.577148 0.465820 0.035156 0.021484
0 0.641602 0.450521 0.027344 0.019531
0 0.663086 0.467448 0.017578 0.016927
0 0.684570 0.503906 0.035156 0.036458
0 0.635254 0.528646 0.024414 0.026042
0 0.666504 0.552083 0.022461 0.022135
0 0.595703 0.566081 0.021484 0.021484
0 0.554199 0.581380 0.040039 0.019531
0 0.526855 0.605469 0.063477 0.013021
0 0.417480 0.598958 0.051758 0.022135
0 0.344727 0.576172 0.054688 0.037760
0 0.315918 0.457031 0.040039 0.022135
0 0.269043 0.423828 0.032227 0.014323
0 0.282715 0.537760 0.028320 0.024740
