0 0.646973 0.204102 0.032227 0.022786
0 0.569824 0.191081 0.043945 0.021484
0 0.539551 0.226562 0.036133 0.024740
0 0.593750 0.237630 0.025391 0.022135
0 0.539062 0.260417 0.029297 0.020833
0 0.484863 0.273763 0.028320 0.020182
0 0.449219 0.231771 0.033203 0.024740
0 0.409180 0.216146 0.031250 0.023438
0 0.344238 0.200521 0.053711 0.027344
0 0.381348 0.255534 0.032227 0.030599
0 0.324707 0.233073 0.030273 0.019531
0 0.299805 0.262695 0.060547 0.020182
0 0.668945 0.259115 0.029297 0.011719
0 0.704590 0.270182 0.020508 0.018229
0 0.742188 0.356120 0.029297 0.022135
0 0.676758 0.412109 0.027344 0.023438
0 0.636719 0.448568 0.027344 0.018229
0 0.686523 0.444336 0.025391 0.017578
0 0.712402 0.436523 0.018555 0.018880
0 0.668945 0.500000 0.029297 0.020833
0 0.632812 0.484701 0.027344 0.024089
0 0.564453 0.486979 0.037109 0.023438
0 0.653320 0.540039 0.027344 0.030599
0 0.594727 0.558919 0.029297 0.024089
0 0.611816 0.590169 0.028320 0.027995
0 0.568848 0.587565 0.018555 0.012370
0 0.546875 0.610026 0.033203 0.020833
0 0.451172 0.610026 0.029297 0.020833
0 0.379395 0.557617 0.028320 0.025391
0 0.383301 0.584961 0.022461 0.017578
0 0.315918 0.525716 0.022461 0.020182
0 0.342773 0.484375 0.027344 0.023438
0 0.350586 0.452148 0.041016 0.029297
0 0.402344 0.410482 0.035156 0.022786
0 0.361328 0.407552 0.031250 0.027344
0 0.308105 0.414714 0.022461 0.027344
0 0.403320 0.490885 0.025391 0.013021
0 0.288574 0.499023 0.020508 0.016276
0 0.307617 0.450521 0.027344 0.020833
