0 0.315430 0.249023 0.039062 0.018880
0 0.623535 0.172201 0.041992 0.022786
0 0.666992 0.203125 0.029297 0.016927
0 0.632812 0.212565 0.029297 0.016276
0 0.608398 0.236979 0.027344 0.015625
0 0.693359 0.235677 0.031250 0.019531
0 0.665527 0.229818 0.016602 0.015625
0 0.410156 0.245117 0.041016 0.020182
0 0.395508 0.211589 0.033203 0.023438
0 0.358398 0.222982 0.027344 0.018880
0 0.329590 0.201823 0.024414 0.020833
0 0.647461 0.422852 0.023438 0.014974
0 0.675781 0.433268 0.027344 0.014974
0 0.707520 0.437500 0.022461 0.014323
0 0.706543 0.468750 0.014648 0.011719
0 0.655273 0.464844 0.021484 0.014323
0 0.627441 0.442383 0.026367 0.013672
0 0.650391 0.503255 0.025391 0.020833
0 0.635254 0.529297 0.024414 0.018229
0 0.582031 0.543620 0.056641 0.029948
0 0.560547 0.577799 0.052734 0.017578
0 0.419434 0.573242 0.022461 0.013672
0 0.367676 0.521159 0.018555 0.020182
0 0.337402 0.458333 0.024414 0.024740
0 0.367676 0.466471 0.020508 0.021484
0 0.358398 0.430339 0.025391 0.016927
0 0.376953 0.401693 0.031250 0.022135
0 0.315430 0.402995 0.025391 0.014323
0 0.303223 0.431641 0.030273 0.018229
0 0.318359 0.489583 0.031250 0.022135
0 0.288574 0.500651 0.020508 0.019531
0 0.395508 0.589518 0.023438 0.014974
