0 0.637207 0.194661 0.032227 0.019531
0 0.559570 0.226237 0.017578 0.011068
0 0.407227 0.247396 0.033203 0.019531
0 0.535645 0.377930 0.038086 0.029297
0 0.706543 0.422852 0.020508 0.024089
0 0.663086 0.403646 0.031250 0.016927
0 0.679199 0.477865 0.022461 0.019531
0 0.707031 0.470378 0.019531 0.017578
0 0.643555 0.500326 0.029297 0.026693
0 0.610352 0.493164 0.015625 0.017578
0 0.600098 0.474609 0.018555 0.011719
0 0.562012 0.460612 0.028320 0.017578
0 0.519531 0.458333 0.023438 0.015625
0 0.585449 0.543620 0.061523 0.024740
0 0.549805 0.579427 0.021484 0.015625
0 0.481445 0.586589 0.027344 0.014323
0 0.402344 0.559245 0.021484 0.015625
0 0.359863 0.567383 0.028320 0.016276
0 0.346191 0.462565 0.028320 0.017578
0 0.350098 0.493815 0.018555 0.025391
0 0.318359 0.494792 0.023438 0.019531
0 0.362305 0.402669 0.048828 0.026693
0 0.290527 0.441406 0.032227 0.019531
0 0.238770 0.366536 0.016602 0.039062
0 0.654785 0.438802 0.036133 0.018229
0 0.641602 0.466146 0.021484 0.015625
