0 0.667969 0.185221 0.017578 0.020182
0 0.632812 0.202148 0.033203 0.016276
0 0.666016 0.226237 0.017578 0.014974
0 0.698242 0.248047 0.027344 0.018229
0 0.515625 0.228516 0.021484 0.016927
0 0.526855 0.173828 0.024414 0.019531
0 0.433594 0.175781 0.021484 0.016927
0 0.413086 0.208333 0.027344 0.023438
0 0.436035 0.234375 0.020508 0.014323
0 0.398926 0.258464 0.020508 0.019531
0 0.368652 0.184570 0.022461 0.024089
0 0.333984 0.198242 0.017578 0.014974
0 0.305176 0.182943 0.026367 0.037760
0 0.312500 0.230794 0.023438 0.021484
0 0.587891 0.423503 0.021484 0.014974
0 0.770020 0.387044 0.018555 0.016276
0 0.686523 0.458984 0.031250 0.015625
0 0.727539 0.475586 0.025391 0.013672
0 0.742188 0.500000 0.017578 0.015625
0 0.708008 0.509766 0.021484 0.016927
0 0.657715 0.504232 0.034180 0.017578
0 0.715820 0.533854 0.029297 0.013021
0 0.700684 0.565430 0.018555 0.014974
0 0.674316 0.562174 0.016602 0.017578
0 0.609863 0.589844 0.034180 0.020833
0 0.598633 0.619466 0.027344 0.013672
0 0.476074 0.648438 0.024414 0.019531
0 0.424316 0.634115 0.032227 0.022135
0 0.300781 0.496745 0.044922 0.022135
0 0.272461 0.461263 0.023438 0.020182
0 0.252441 0.481120 0.026367 0.013021
0 0.324219 0.452474 0.021484 0.022135
0 0.333984 0.418945 0.019531 0.017578
0 0.275391 0.425456 0.023438 0.018880
0 0.246582 0.428385 0.022461 0.018229
