0 0.625977 0.157878 0.031250 0.013672
0 0.683105 0.205404 0.030273 0.026693
0 0.653320 0.227214 0.019531 0.015625
0 0.625000 0.236979 0.021484 0.015625
0 0.610352 0.206055 0.019531 0.020182
0 0.563965 0.224935 0.026367 0.022786
0 0.518066 0.228190 0.028320 0.018880
0 0.500488 0.194010 0.024414 0.022135
0 0.443848 0.227214 0.032227 0.024740
0 0.413086 0.175130 0.031250 0.019531
0 0.386230 0.200195 0.018555 0.017578
0 0.379883 0.229818 0.033203 0.018229
0 0.339355 0.241536 0.022461 0.016927
0 0.333496 0.201823 0.024414 0.022135
0 0.342285 0.172852 0.016602 0.016276
0 0.293457 0.169271 0.034180 0.015625
0 0.302734 0.218424 0.027344 0.018880
0 0.296875 0.195964 0.025391 0.018229
0 0.705078 0.416667 0.023438 0.016927
0 0.733887 0.429036 0.026367 0.020833
0 0.705566 0.440755 0.020508 0.014323
0 0.663574 0.450521 0.020508 0.016927
0 0.694336 0.471354 0.031250 0.014323
0 0.674316 0.516602 0.020508 0.029297
0 0.634277 0.501302 0.026367 0.024740
0 0.649414 0.548503 0.021484 0.024089
0 0.578613 0.582682 0.055664 0.040365
0 0.490723 0.636719 0.057617 0.022135
0 0.419922 0.621419 0.050781 0.017578
0 0.380859 0.599935 0.041016 0.026693
0 0.280273 0.545573 0.019531 0.019531
0 0.292969 0.510417 0.023438 0.020833
0 0.310059 0.456380 0.020508 0.016927
0 0.335449 0.433268 0.030273 0.021484
0 0.258789 0.410156 0.041016 0.018229
0 0.259766 0.473307 0.025391 0.016927
