0 0.634277 0.168620 0.036133 0.018229
0 0.690918 0.180664 0.030273 0.012370
0 0.713379 0.158529 0.018555 0.013672
0 0.692871 0.214193 0.028320 0.023438
0 0.653809 0.218424 0.026367 0.020182
0 0.593262 0.195964 0.022461 0.014323
0 0.580566 0.224609 0.016602 0.015625
0 0.533203 0.203776 0.031250 0.016927
0 0.544434 0.164062 0.020508 0.013021
0 0.529785 0.142253 0.032227 0.009766
0 0.583984 0.151042 0.025391 0.020833
0 0.474609 0.180990 0.035156 0.014323
0 0.466797 0.214518 0.027344 0.022786
0 0.395996 0.224935 0.040039 0.018880
0 0.408203 0.186198 0.029297 0.022135
0 0.399902 0.145833 0.022461 0.015625
0 0.345703 0.169271 0.029297 0.027344
0 0.336426 0.199544 0.020508 0.017578
0 0.310059 0.209635 0.016602 0.024740
0 0.280762 0.185872 0.020508 0.021484
0 0.306152 0.156250 0.022461 0.013021
0 0.291504 0.132812 0.024414 0.015625
0 0.719727 0.239909 0.029297 0.018880
0 0.738281 0.325846 0.023438 0.012370
0 0.749023 0.349609 0.027344 0.013021
0 0.721191 0.373698 0.034180 0.027344
0 0.725586 0.409505 0.021484 0.016927
0 0.688965 0.420247 0.041992 0.031901
0 0.667480 0.383789 0.028320 0.018880
0 0.639648 0.421224 0.033203 0.022135
0 0.691406 0.473958 0.025391 0.016927
0 0.688477 0.498047 0.015625 0.015625
0 0.687012 0.522135 0.022461 0.014323
0 0.654785 0.523438 0.018555 0.009115
0 0.652832 0.492513 0.018555 0.012370
0 0.630371 0.541992 0.020508 0.014974
0 0.633301 0.566081 0.020508 0.026693
0 0.575684 0.549479 0.061523 0.033854
0 0.534668 0.585286 0.061523 0.024740
0 0.478027 0.586914 0.036133 0.041016
0 0.420898 0.584961 0.060547 0.041016
0 0.335449 0.548828 0.047852 0.031250
0 0.287109 0.491862 0.033203 0.025391
0 0.312012 0.455078 0.022461 0.018229
0 0.281250 0.451172 0.019531 0.018229
0 0.298340 0.421875 0.026367 0.016927
0 0.334473 0.407227 0.028320 0.018880
0 0.262695 0.422201 0.019531 0.022786
0 0.352051 0.376302 0.022461 0.014323
0 0.253906 0.382812 0.058594 0.026042
