0 0.333008 0.244466 0.031250 0.018880
0 0.373535 0.243164 0.026367 0.020182
0 0.420898 0.249674 0.023438 0.020182
0 0.420410 0.217122 0.034180 0.022786
0 0.458496 0.210612 0.032227 0.021484
0 0.507324 0.186198 0.034180 0.018229
0 0.497559 0.237956 0.043945 0.018880
0 0.555664 0.250326 0.041016 0.014974
0 0.605469 0.249674 0.031250 0.013672
0 0.615234 0.196289 0.029297 0.027995
0 0.674316 0.229167 0.022461 0.011719
0 0.663574 0.260091 0.022461 0.018880
0 0.666016 0.409180 0.029297 0.020182
0 0.660645 0.443034 0.028320 0.020182
0 0.590820 0.435872 0.019531 0.011068
0 0.630859 0.477214 0.023438 0.011719
0 0.647461 0.508138 0.029297 0.021484
0 0.640137 0.545573 0.014648 0.013021
0 0.588379 0.561849 0.018555 0.016927
0 0.411621 0.567708 0.026367 0.014323
0 0.376953 0.558268 0.025391 0.018880
0 0.345215 0.474609 0.026367 0.018229
0 0.363281 0.441406 0.046875 0.026042
0 0.383789 0.404622 0.025391 0.014974
0 0.478516 0.368815 0.041016 0.046224
0 0.305176 0.412109 0.022461 0.019531
0 0.297363 0.506510 0.020508 0.023438
