0 0.366211 0.183594 0.019531 0.016927
0 0.331543 0.197266 0.024414 0.016927
0 0.308105 0.227214 0.024414 0.019531
0 0.398438 0.261393 0.029297 0.014974
0 0.431641 0.234701 0.027344 0.014974
0 0.513184 0.230794 0.030273 0.016276
0 0.632324 0.202148 0.028320 0.017578
0 0.670410 0.185547 0.016602 0.015625
0 0.665527 0.227214 0.016602 0.014323
0 0.701660 0.244466 0.034180 0.012370
0 0.771973 0.385742 0.012695 0.018880
0 0.734375 0.428385 0.017578 0.016927
0 0.687012 0.458659 0.020508 0.016276
0 0.730957 0.475260 0.024414 0.014323
0 0.741211 0.499349 0.023438 0.016927
0 0.704590 0.509440 0.022461 0.018880
0 0.652832 0.504883 0.022461 0.016276
0 0.699219 0.566406 0.017578 0.016927
0 0.675781 0.562174 0.019531 0.014974
0 0.607910 0.591797 0.030273 0.019531
0 0.473633 0.650391 0.033203 0.016927
0 0.423340 0.634766 0.028320 0.026042
0 0.301758 0.492188 0.044922 0.024740
0 0.321289 0.454102 0.025391 0.022786
0 0.332520 0.420247 0.022461 0.016276
0 0.273926 0.424154 0.020508 0.013672
0 0.244141 0.427734 0.023438 0.016927
0 0.274414 0.461263 0.019531 0.018880
0 0.254395 0.479818 0.020508 0.013021
0 0.235352 0.504232 0.011719 0.012370
0 0.341797 0.612956 0.025391 0.014974
0 0.349121 0.588867 0.022461 0.013672
0 0.510254 0.365885 0.024414 0.039062
